7.496275378703231018e-01 -5.028967839807187978e-01 -2.480786401580970801e-01 2.479024172997583708e-01 -3.115421123076467236e-01 3.938670985717917516e-01
6.155717418030096644e-01 -3.473658356930169333e-01 -5.753223634921216245e-01 2.447110517935558727e-01 -3.152067056967302050e-01 3.708274819885917228e-01
1.362330720432562758e+00 -1.612524672832804873e+00 -5.300275029160507190e-01 -3.482658881356864300e-01 -2.879785019034455384e-01 4.719193936870449413e-01
3.459484570283963834e-01 -8.285729690704628503e-01 -5.793585161199553690e-01 9.713613981397521691e-02 -2.434861445018143555e-01 2.266250743675864432e-01
-7.249398597109478759e-01 8.453888462761284250e-01 -1.083612114799571202e+00 4.831181619765245738e-01 -5.398380799319308920e-01 3.650258523309958536e-02
-7.126472939412032970e-01 5.220275632580899661e-01 -2.962409278355771988e-02 -8.947780079446501778e-02 2.622362209789573795e-01 -4.013366475358396412e-01
-4.141303356445967254e-01 1.900535094503145395e+00 1.011999019584381987e+00 7.177211564810167532e-01 -7.616535232537269273e-01 4.799251904030289451e-01
3.547559414261615696e-01 5.930329756025811694e-01 9.101245397154857086e-02 1.824864529767579735e-01 -2.595983648873475547e-01 2.000171105500562763e-01
1.100936130607888946e-01 -6.116213596913936401e-01 2.726164612741293625e-01 -2.972646571897927803e-01 -5.225887119191939545e-03 -7.638112624548000495e-02
-6.051801000732119906e-01 4.476640321376903486e-01 3.210743378709511320e-01 2.367637956715836212e-01 1.838922356849464756e-01 2.575849112372430999e-02
-1.282990649138830985e-01 -1.966729907605182515e-01 3.836107534119434503e-01 -2.269963587569579222e-01 3.456541104373748730e-01 -1.872111212231511723e-01
-2.888507943835650904e-01 -7.473547368729940854e-02 2.487598888427146882e-01 -5.106767261724109996e-01 6.671579535960110441e-01 -5.749442988706443547e-01
