4.330948740243911743e-02 3.600524636213599479e+02
1.299119442701339722e-01 3.862627574289795973e+00
2.165144085884094238e-01 1.882252351798853640e+00
3.031168580055236816e-01 1.539626152813252657e+00
3.897193372249603271e-01 1.143140465310612752e+00
4.763217866420745850e-01 8.228571624390629280e-01
5.629242658615112305e-01 6.333974498361939487e-01
6.495267152786254883e-01 5.276044971035971365e-01
7.361291646957397461e-01 4.744375238386076554e-01
8.227316141128540039e-01 4.784176321240502516e-01
9.093341231346130371e-01 5.187848177227917246e-01
9.959365725517272949e-01 5.829809939531479523e-01
1.082539081573486328e+00 6.838887870947892855e-01
1.169141530990600586e+00 8.212785037896681573e-01
1.255743980407714844e+00 9.633733768572565470e-01
1.342346429824829102e+00 1.117449822686953587e+00
1.428948879241943359e+00 1.215128460399248711e+00
1.515551328659057617e+00 1.254437924893300194e+00
1.602153778076171875e+00 1.238275694486101530e+00
1.688756227493286133e+00 1.171067504242069512e+00
1.775358676910400391e+00 1.093484005108968260e+00
1.861961245536804199e+00 1.027282879598601317e+00
1.948563694953918457e+00 9.806115230730020338e-01
2.035166263580322266e+00 9.484882540904113757e-01
2.121768712997436523e+00 9.359389538552376209e-01
2.208371162414550781e+00 9.279719414694042046e-01
2.294973611831665039e+00 9.350271391758097073e-01
2.381576061248779297e+00 9.449697325791023284e-01
2.468178510665893555e+00 9.565010130633423424e-01
2.554780960083007812e+00 9.804733876132327719e-01
2.641383409500122070e+00 9.930274846460045435e-01
2.727985858917236328e+00 1.002504147528052725e+00
2.814588308334350586e+00 1.014549182058228860e+00
2.901190757751464844e+00 1.022573094974860597e+00
2.987793207168579102e+00 1.020695992424274001e+00
3.074395895004272461e+00 1.021051703886764139e+00
3.160998344421386719e+00 1.021781314438573229e+00
3.247600793838500977e+00 1.014471745187186968e+00
3.334203243255615234e+00 1.009089680471060291e+00
3.420805692672729492e+00 1.003519438886523618e+00
3.507408142089843750e+00 1.002766513538504656e+00
3.594010591506958008e+00 9.959769242013540858e-01
3.680613040924072266e+00 9.938350926713582778e-01
3.767215490341186523e+00 9.922703605773740554e-01
3.853817939758300781e+00 9.912348615221624470e-01
3.940420389175415039e+00 9.912437098692215010e-01
4.027022838592529297e+00 9.962693274310528979e-01
4.113625049591064453e+00 9.943710768589540949e-01
4.200227737426757812e+00 9.995141796036990378e-01
4.286829948425292969e+00 9.983508246677375020e-01
4.373432636260986328e+00 9.990113843450012521e-01
4.460034847259521484e+00 1.000543371683667138e+00
4.546637535095214844e+00 1.002974194210545233e+00
4.633239746093750000e+00 1.000567456697031510e+00
4.719842433929443359e+00 1.001199606628832450e+00
4.806444644927978516e+00 1.004350171728022545e+00
4.893047332763671875e+00 1.001658034426037736e+00
4.979649543762207031e+00 1.002199198278828751e+00
5.066252231597900391e+00 1.001051839774670826e+00
5.152854442596435547e+00 1.002145640297330109e+00
5.239457130432128906e+00 1.000779291835049989e+00
5.326059341430664062e+00 1.000752138808787883e+00
5.412662029266357422e+00 1.001244526742845808e+00
5.499264717102050781e+00 9.983430834304818369e-01
5.585866928100585938e+00 9.971199670458472664e-01
5.672469615936279297e+00 9.981639515462392698e-01
5.759071826934814453e+00 9.995836230002649314e-01
5.845674514770507812e+00 9.988864624022975036e-01
5.932276725769042969e+00 9.968443807895365216e-01
6.018879413604736328e+00 9.987078403329077148e-01
6.105481624603271484e+00 1.001469490276344798e+00
6.192084312438964844e+00 1.001534709214256580e+00
6.278686523437500000e+00 9.996255286062577516e-01
6.365289211273193359e+00 9.993992602674469650e-01
6.451891422271728516e+00 1.000312810053345158e+00
6.538494110107421875e+00 1.005276633754755400e+00
6.625096321105957031e+00 1.001662492294181028e+00
6.711699008941650391e+00 9.992591799918819628e-01
6.798301219940185547e+00 9.986944605278745835e-01
6.884903907775878906e+00 9.994118472830065825e-01
6.971506118774414062e+00 1.000935642432502881e+00
7.058108806610107422e+00 9.989593195896181443e-01
7.144711494445800781e+00 9.990133875691639131e-01
7.231313705444335938e+00 1.001762180514720768e+00
7.317916393280029297e+00 9.959293987422367378e-01
7.404518604278564453e+00 1.000829766510671348e+00
7.491121292114257812e+00 1.000182643726515330e+00
7.577723503112792969e+00 9.983926146282966485e-01
7.664326190948486328e+00 1.006892864440181334e+00
7.750928401947021484e+00 1.001049094275089812e+00
7.837531089782714844e+00 9.913470493063470945e-01
7.924133300781250000e+00 1.005521761786356549e+00
8.010736465454101562e+00 9.951396046048839317e-01
8.097338676452636719e+00 9.907626279310527417e-01
8.183940887451171875e+00 1.002734545373779929e+00
8.270544052124023438e+00 1.004177790043966789e+00
8.357146263122558594e+00 9.708881292197359958e-01
8.443748474121093750e+00 9.839650851263870290e-01
8.530350685119628906e+00 1.013394651953057002e+00
8.616953849792480469e+00 9.452729938972903589e-01
