4.330948740243911743e-02 2.715657733980091280e+02
1.299119442701339722e-01 3.352314712202770330e+00
2.165144085884094238e-01 1.550184065288571444e+00
3.031168580055236816e-01 1.066947250351017340e+00
3.897193372249603271e-01 7.661597450666364217e-01
4.763217866420745850e-01 6.127720347945095902e-01
5.629242658615112305e-01 5.664889307876498359e-01
6.495267152786254883e-01 5.847023696963057349e-01
7.361291646957397461e-01 6.077970606703868572e-01
8.227316141128540039e-01 6.707185595267938227e-01
9.093341231346130371e-01 7.498431162292654717e-01
9.959365725517272949e-01 8.506603351502384225e-01
1.082539081573486328e+00 9.318961321062199099e-01
1.169141530990600586e+00 1.011930669818218442e+00
1.255743980407714844e+00 1.036474548614561453e+00
1.342346429824829102e+00 1.076957618353343582e+00
1.428948879241943359e+00 1.088299790152424062e+00
1.515551328659057617e+00 1.082339375039064855e+00
1.602153778076171875e+00 1.076722948279175140e+00
1.688756227493286133e+00 1.050847397706391240e+00
1.775358676910400391e+00 1.033450311779391617e+00
1.861961245536804199e+00 1.019274950067922125e+00
1.948563694953918457e+00 1.004996224793368143e+00
2.035166263580322266e+00 9.881339636355909173e-01
2.121768712997436523e+00 9.833882263349823516e-01
2.208371162414550781e+00 9.710759304045938345e-01
2.294973611831665039e+00 9.744257765836452645e-01
2.381576061248779297e+00 9.754424957272950225e-01
2.468178510665893555e+00 9.785213010246073262e-01
2.554780960083007812e+00 9.836792424985206784e-01
2.641383409500122070e+00 9.975863690991187971e-01
2.727985858917236328e+00 1.001055944015761368e+00
2.814588308334350586e+00 1.005145399835047026e+00
2.901190757751464844e+00 1.007840183738922146e+00
2.987793207168579102e+00 1.005014360519988381e+00
3.074395895004272461e+00 1.012100323824795201e+00
3.160998344421386719e+00 1.003291939717773751e+00
3.247600793838500977e+00 1.006406517879077978e+00
3.334203243255615234e+00 1.003414205575626772e+00
3.420805692672729492e+00 1.004439458138057351e+00
3.507408142089843750e+00 1.002322469172269193e+00
3.594010591506958008e+00 1.000521567352625762e+00
3.680613040924072266e+00 9.967369299071753286e-01
3.767215490341186523e+00 9.983800123848481922e-01
3.853817939758300781e+00 9.983362954450198945e-01
3.940420389175415039e+00 1.000042497912446260e+00
4.027022838592529297e+00 9.996043067960580508e-01
4.113625049591064453e+00 9.979426163165054930e-01
4.200227737426757812e+00 9.975669814766772170e-01
4.286829948425292969e+00 9.984337637873552662e-01
4.373432636260986328e+00 1.000236578821719791e+00
4.460034847259521484e+00 9.975582897388826087e-01
4.546637535095214844e+00 9.994821970380818321e-01
4.633239746093750000e+00 9.982067625775737918e-01
4.719842433929443359e+00 9.999314722743215533e-01
4.806444644927978516e+00 9.986862912478731147e-01
4.893047332763671875e+00 1.001009052867495752e+00
4.979649543762207031e+00 1.003028471947177369e+00
5.066252231597900391e+00 1.000881452187674547e+00
5.152854442596435547e+00 1.000802257823611097e+00
5.239457130432128906e+00 9.999704593316365298e-01
5.326059341430664062e+00 1.000136896405553255e+00
5.412662029266357422e+00 1.003018661823260160e+00
5.499264717102050781e+00 9.984258480659483626e-01
5.585866928100585938e+00 1.000612494380279438e+00
5.672469615936279297e+00 1.001490409919805202e+00
5.759071826934814453e+00 9.955700122741973912e-01
5.845674514770507812e+00 9.959054779632673382e-01
5.932276725769042969e+00 1.000596480684356360e+00
6.018879413604736328e+00 9.988550704153817961e-01
6.105481624603271484e+00 9.996844784484407720e-01
6.192084312438964844e+00 1.001392254720423702e+00
6.278686523437500000e+00 1.001696286854677043e+00
6.365289211273193359e+00 1.001428298894721181e+00
6.451891422271728516e+00 9.978819030012114899e-01
6.538494110107421875e+00 1.001888185235038975e+00
6.625096321105957031e+00 9.996333391210163732e-01
6.711699008941650391e+00 1.002179021427190397e+00
6.798301219940185547e+00 1.000195540048045784e+00
6.884903907775878906e+00 9.989125850767710535e-01
6.971506118774414062e+00 9.996539872293233042e-01
7.058108806610107422e+00 1.002161811415604120e+00
7.144711494445800781e+00 1.003023225107956495e+00
7.231313705444335938e+00 9.995315827263084874e-01
7.317916393280029297e+00 9.973862099249761748e-01
7.404518604278564453e+00 1.002073569029257927e+00
7.491121292114257812e+00 9.985228076523787744e-01
7.577723503112792969e+00 9.984785782684734157e-01
7.664326190948486328e+00 9.953260397164566120e-01
7.750928401947021484e+00 9.970273899005024365e-01
7.837531089782714844e+00 9.997512225150104737e-01
7.924133300781250000e+00 1.006020767746932387e+00
8.010736465454101562e+00 1.002586400537888167e+00
8.097338676452636719e+00 1.006878667319391241e+00
8.183940887451171875e+00 1.008877756981853002e+00
8.270544052124023438e+00 1.013081965847086208e+00
8.357146263122558594e+00 1.002416231254692480e+00
8.443748474121093750e+00 9.914664276165883194e-01
8.530350685119628906e+00 9.297280998516922468e-01
8.616953849792480469e+00 9.319006000890437402e-01
