4.330948740243911743e-02 2.774340741786384683e+02
1.299119442701339722e-01 4.270707077470612845e+00
2.165144085884094238e-01 2.577336521493359456e+00
3.031168580055236816e-01 1.698468659338827402e+00
3.897193372249603271e-01 1.183188695834971327e+00
4.763217866420745850e-01 9.387334294331561857e-01
5.629242658615112305e-01 7.526122927412794983e-01
6.495267152786254883e-01 6.572366058958662993e-01
7.361291646957397461e-01 6.084758597345246711e-01
8.227316141128540039e-01 5.991445317066226295e-01
9.093341231346130371e-01 6.147825383507067309e-01
9.959365725517272949e-01 6.618597198329385645e-01
1.082539081573486328e+00 7.368356197022856158e-01
1.169141530990600586e+00 8.355753333820848949e-01
1.255743980407714844e+00 9.464395099485712892e-01
1.342346429824829102e+00 1.071641204081595911e+00
1.428948879241943359e+00 1.141083361916011674e+00
1.515551328659057617e+00 1.173525469342191485e+00
1.602153778076171875e+00 1.174317019088291669e+00
1.688756227493286133e+00 1.145827296465347755e+00
1.775358676910400391e+00 1.092262556976983712e+00
1.861961245536804199e+00 1.046290183635833149e+00
1.948563694953918457e+00 1.004637977148223893e+00
2.035166263580322266e+00 9.695400100692829204e-01
2.121768712997436523e+00 9.474273141651696761e-01
2.208371162414550781e+00 9.402589196158805951e-01
2.294973611831665039e+00 9.462047459293140284e-01
2.381576061248779297e+00 9.522524244863995735e-01
2.468178510665893555e+00 9.678924933472642378e-01
2.554780960083007812e+00 9.881304750083419464e-01
2.641383409500122070e+00 9.995052875186739572e-01
2.727985858917236328e+00 1.005422663959866902e+00
2.814588308334350586e+00 1.016056651012167356e+00
2.901190757751464844e+00 1.014610870641411644e+00
2.987793207168579102e+00 1.013665720838340389e+00
3.074395895004272461e+00 1.013253838452252475e+00
3.160998344421386719e+00 1.008071782015377504e+00
3.247600793838500977e+00 1.001242297229825162e+00
3.334203243255615234e+00 1.000951169886542758e+00
3.420805692672729492e+00 9.979007429042618949e-01
3.507408142089843750e+00 9.970953690884830634e-01
3.594010591506958008e+00 9.972770642891767290e-01
3.680613040924072266e+00 9.987764603506649186e-01
3.767215490341186523e+00 9.985086016306516932e-01
3.853817939758300781e+00 1.000462665841534093e+00
3.940420389175415039e+00 1.000931000713419561e+00
4.027022838592529297e+00 1.001271850376687089e+00
4.113625049591064453e+00 1.001760664598678519e+00
4.200227737426757812e+00 9.998735042251787331e-01
4.286829948425292969e+00 9.995371447845957658e-01
4.373432636260986328e+00 1.000769931855530315e+00
4.460034847259521484e+00 9.976084149233291898e-01
4.546637535095214844e+00 9.969798826436482297e-01
4.633239746093750000e+00 9.963165080986872146e-01
4.719842433929443359e+00 9.969673354929936560e-01
4.806444644927978516e+00 9.985634172341861792e-01
4.893047332763671875e+00 9.993574733662490273e-01
4.979649543762207031e+00 9.989841097188653096e-01
5.066252231597900391e+00 1.000431094858100778e+00
5.152854442596435547e+00 1.002066762421633728e+00
5.239457130432128906e+00 1.001359631923132598e+00
5.326059341430664062e+00 1.003074133195834383e+00
5.412662029266357422e+00 1.000418643598284696e+00
5.499264717102050781e+00 1.003646696997687826e+00
5.585866928100585938e+00 1.001208028681991991e+00
5.672469615936279297e+00 9.984942032126127298e-01
5.759071826934814453e+00 9.986079718349168965e-01
5.845674514770507812e+00 9.987260885346489481e-01
5.932276725769042969e+00 9.996610686168101445e-01
6.018879413604736328e+00 1.001050945689587302e+00
6.105481624603271484e+00 9.981590404633113867e-01
6.192084312438964844e+00 9.977598041821958974e-01
6.278686523437500000e+00 9.984117802672801689e-01
6.365289211273193359e+00 9.997970777569752387e-01
6.451891422271728516e+00 9.993372468756462901e-01
6.538494110107421875e+00 1.003380413145603223e+00
6.625096321105957031e+00 1.001568865644575812e+00
6.711699008941650391e+00 1.000601046500783742e+00
6.798301219940185547e+00 9.991928759449323350e-01
6.884903907775878906e+00 1.000395922769316881e+00
6.971506118774414062e+00 1.000383023970198293e+00
7.058108806610107422e+00 1.002470324192820561e+00
7.144711494445800781e+00 9.976612988236388535e-01
7.231313705444335938e+00 9.955247332303791552e-01
7.317916393280029297e+00 9.990003879740010362e-01
7.404518604278564453e+00 9.962641159422684911e-01
7.491121292114257812e+00 9.937861077051211023e-01
7.577723503112792969e+00 9.960495054705804652e-01
7.664326190948486328e+00 1.007273853928432494e+00
7.750928401947021484e+00 9.966427144835678931e-01
7.837531089782714844e+00 1.005556151883204352e+00
7.924133300781250000e+00 1.006649390956913193e+00
8.010736465454101562e+00 9.957353775221835512e-01
8.097338676452636719e+00 1.010058671481566028e+00
8.183940887451171875e+00 9.958302030856284182e-01
8.270544052124023438e+00 1.015790134896944030e+00
8.357146263122558594e+00 9.991970756586148195e-01
8.443748474121093750e+00 9.680963751150215568e-01
8.530350685119628906e+00 1.019251692835118517e+00
8.616953849792480469e+00 1.036871395208265545e+00
