4.330948740243911743e-02 3.658608117972246419e+02
1.299119442701339722e-01 3.927303019478746826e+00
2.165144085884094238e-01 2.646792141170716484e+00
3.031168580055236816e-01 1.727910904842779649e+00
3.897193372249603271e-01 1.107254518138364840e+00
4.763217866420745850e-01 7.185492312306315243e-01
5.629242658615112305e-01 5.148530936801949398e-01
6.495267152786254883e-01 4.346998968588918766e-01
7.361291646957397461e-01 4.059418620767956121e-01
8.227316141128540039e-01 4.144951860596638449e-01
9.093341231346130371e-01 4.546067423847214295e-01
9.959365725517272949e-01 5.294147075560005078e-01
1.082539081573486328e+00 6.407770483944283946e-01
1.169141530990600586e+00 8.045284666378756944e-01
1.255743980407714844e+00 9.999053864892082366e-01
1.342346429824829102e+00 1.204268678131460213e+00
1.428948879241943359e+00 1.327609319795060916e+00
1.515551328659057617e+00 1.347720419730525032e+00
1.602153778076171875e+00 1.290126758714060351e+00
1.688756227493286133e+00 1.164190550375896915e+00
1.775358676910400391e+00 1.059558510136880960e+00
1.861961245536804199e+00 9.800551260263866693e-01
1.948563694953918457e+00 9.346169985438032013e-01
2.035166263580322266e+00 9.014251980632999039e-01
2.121768712997436523e+00 8.973159192781754445e-01
2.208371162414550781e+00 9.022666152108720361e-01
2.294973611831665039e+00 9.233087028066450097e-01
2.381576061248779297e+00 9.435436983999072602e-01
2.468178510665893555e+00 9.740264544293082416e-01
2.554780960083007812e+00 9.967334324128728218e-01
2.641383409500122070e+00 1.013600434454492216e+00
2.727985858917236328e+00 1.026561024802996158e+00
2.814588308334350586e+00 1.037378854536914696e+00
2.901190757751464844e+00 1.037702880414143936e+00
2.987793207168579102e+00 1.034161755039233244e+00
3.074395895004272461e+00 1.027173880862812805e+00
3.160998344421386719e+00 1.015601877912500894e+00
3.247600793838500977e+00 1.005118017749940806e+00
3.334203243255615234e+00 9.908986976737824692e-01
3.420805692672729492e+00 9.855114568913364570e-01
3.507408142089843750e+00 9.842519133675607934e-01
3.594010591506958008e+00 9.854071751797609524e-01
3.680613040924072266e+00 9.870979383134326213e-01
3.767215490341186523e+00 9.901231562009751297e-01
3.853817939758300781e+00 9.975007891509464208e-01
3.940420389175415039e+00 9.998837497999010226e-01
4.027022838592529297e+00 1.005832018850669085e+00
4.113625049591064453e+00 1.005877018007263368e+00
4.200227737426757812e+00 1.006375001385448442e+00
4.286829948425292969e+00 1.004975071946138110e+00
4.373432636260986328e+00 1.002961013481325381e+00
4.460034847259521484e+00 1.001286060985796977e+00
4.546637535095214844e+00 9.980330985619216833e-01
4.633239746093750000e+00 9.978793398171601492e-01
4.719842433929443359e+00 9.960946857118574416e-01
4.806444644927978516e+00 9.976595658828526503e-01
4.893047332763671875e+00 9.979714032205244667e-01
4.979649543762207031e+00 9.989823677792808443e-01
5.066252231597900391e+00 1.000716274750707901e+00
5.152854442596435547e+00 1.001692685876563793e+00
5.239457130432128906e+00 1.001262218056440556e+00
5.326059341430664062e+00 1.002333979281331722e+00
5.412662029266357422e+00 1.002237987845518319e+00
5.499264717102050781e+00 1.000246507836418663e+00
5.585866928100585938e+00 1.001100965413025179e+00
5.672469615936279297e+00 1.000174740013875185e+00
5.759071826934814453e+00 1.000104680349518826e+00
5.845674514770507812e+00 1.000472642841310211e+00
5.932276725769042969e+00 9.978212292453741972e-01
6.018879413604736328e+00 9.966128926995830861e-01
6.105481624603271484e+00 9.976499932439696350e-01
6.192084312438964844e+00 9.988963392532765884e-01
6.278686523437500000e+00 9.977636176966494519e-01
6.365289211273193359e+00 1.000819901070393980e+00
6.451891422271728516e+00 1.000965616127716062e+00
6.538494110107421875e+00 1.000448636002468250e+00
6.625096321105957031e+00 1.001698293740420187e+00
6.711699008941650391e+00 1.002078545378113361e+00
6.798301219940185547e+00 1.001748365444560696e+00
6.884903907775878906e+00 1.004186172271537947e+00
6.971506118774414062e+00 9.998681202438819415e-01
7.058108806610107422e+00 9.991649573465996026e-01
7.144711494445800781e+00 9.967331594834381026e-01
7.231313705444335938e+00 1.002084947450441632e+00
7.317916393280029297e+00 9.992430240932715924e-01
7.404518604278564453e+00 9.996886728625967722e-01
7.491121292114257812e+00 1.004802582304593850e+00
7.577723503112792969e+00 1.000211967713918071e+00
7.664326190948486328e+00 9.996338032649129124e-01
7.750928401947021484e+00 9.975759685924785458e-01
7.837531089782714844e+00 9.954381000879822805e-01
7.924133300781250000e+00 9.983251912405695094e-01
8.010736465454101562e+00 9.927283037759595530e-01
8.097338676452636719e+00 1.006792925937791017e+00
8.183940887451171875e+00 1.008018653715814006e+00
8.270544052124023438e+00 9.900147999195578752e-01
8.357146263122558594e+00 1.010988370058397701e+00
8.443748474121093750e+00 1.009128678426605141e+00
8.530350685119628906e+00 1.025718586036564739e+00
8.616953849792480469e+00 9.748384483883399954e-01
