4.330948740243911743e-02 4.272541707447153954e+02
1.299119442701339722e-01 4.327275544778220073e+00
2.165144085884094238e-01 2.390198358970991421e+00
3.031168580055236816e-01 1.552338438840454415e+00
3.897193372249603271e-01 8.947197780769411413e-01
4.763217866420745850e-01 6.173662037483885756e-01
5.629242658615112305e-01 4.891469634186866866e-01
6.495267152786254883e-01 4.334926497705118842e-01
7.361291646957397461e-01 4.315919773076005717e-01
8.227316141128540039e-01 4.552783563888907481e-01
9.093341231346130371e-01 5.030654080240590798e-01
9.959365725517272949e-01 5.797454156297975336e-01
1.082539081573486328e+00 6.844624531359346786e-01
1.169141530990600586e+00 8.415877848321455801e-01
1.255743980407714844e+00 9.980900099519148805e-01
1.342346429824829102e+00 1.161465198478205174e+00
1.428948879241943359e+00 1.249235464374473636e+00
1.515551328659057617e+00 1.271846301593462680e+00
1.602153778076171875e+00 1.201416602456311544e+00
1.688756227493286133e+00 1.110861821775926961e+00
1.775358676910400391e+00 1.043997946529747756e+00
1.861961245536804199e+00 9.965626472326771790e-01
1.948563694953918457e+00 9.729296474619624213e-01
2.035166263580322266e+00 9.649123394746013105e-01
2.121768712997436523e+00 9.552049771343653628e-01
2.208371162414550781e+00 9.581613588632660328e-01
2.294973611831665039e+00 9.618536291434365282e-01
2.381576061248779297e+00 9.658976151416089895e-01
2.468178510665893555e+00 9.776236697839759682e-01
2.554780960083007812e+00 9.853715993500649084e-01
2.641383409500122070e+00 9.921510026795471449e-01
2.727985858917236328e+00 9.986411667582026919e-01
2.814588308334350586e+00 1.005345318361045681e+00
2.901190757751464844e+00 1.007470009987361692e+00
2.987793207168579102e+00 1.012204557324922760e+00
3.074395895004272461e+00 1.003542957250372236e+00
3.160998344421386719e+00 1.006624063005133296e+00
3.247600793838500977e+00 1.007774907545479603e+00
3.334203243255615234e+00 1.004760661456242543e+00
3.420805692672729492e+00 1.004548797871974264e+00
3.507408142089843750e+00 1.002554390796640105e+00
3.594010591506958008e+00 1.001049743200972841e+00
3.680613040924072266e+00 1.002202932992357187e+00
3.767215490341186523e+00 1.002545666879380182e+00
3.853817939758300781e+00 1.000015206871573747e+00
3.940420389175415039e+00 9.983980530407503551e-01
4.027022838592529297e+00 1.001994765862336934e+00
4.113625049591064453e+00 1.001021842688185837e+00
4.200227737426757812e+00 9.978524111015416587e-01
4.286829948425292969e+00 9.990629649740451201e-01
4.373432636260986328e+00 9.952714780921639859e-01
4.460034847259521484e+00 9.958477343568012952e-01
4.546637535095214844e+00 9.976395090596763549e-01
4.633239746093750000e+00 9.975727889864007825e-01
4.719842433929443359e+00 9.957135735463895632e-01
4.806444644927978516e+00 9.991778114219475038e-01
4.893047332763671875e+00 9.988140428222914702e-01
4.979649543762207031e+00 1.001920171384871106e+00
5.066252231597900391e+00 1.003158700890321997e+00
5.152854442596435547e+00 1.002915501985236713e+00
5.239457130432128906e+00 1.002510631451781986e+00
5.326059341430664062e+00 1.001474867748178621e+00
5.412662029266357422e+00 1.003716478194417228e+00
5.499264717102050781e+00 1.003059110454796343e+00
5.585866928100585938e+00 1.001621948170068777e+00
5.672469615936279297e+00 9.999153845439718857e-01
5.759071826934814453e+00 9.990786008979188892e-01
5.845674514770507812e+00 9.972585538494366242e-01
5.932276725769042969e+00 9.970409250228169373e-01
6.018879413604736328e+00 9.984405820421444755e-01
6.105481624603271484e+00 9.999999065184955738e-01
6.192084312438964844e+00 9.987861705226049880e-01
6.278686523437500000e+00 9.970636328905101431e-01
6.365289211273193359e+00 9.974209992223774801e-01
6.451891422271728516e+00 1.000581317306762807e+00
6.538494110107421875e+00 1.003253540042187586e+00
6.625096321105957031e+00 1.001659527685961004e+00
6.711699008941650391e+00 1.000673036054120724e+00
6.798301219940185547e+00 9.994900667670170158e-01
6.884903907775878906e+00 1.001595567311098334e+00
6.971506118774414062e+00 9.996592439008047393e-01
7.058108806610107422e+00 9.996830399661454924e-01
7.144711494445800781e+00 9.999607591201358225e-01
7.231313705444335938e+00 1.001875878780989160e+00
7.317916393280029297e+00 9.967013805313458263e-01
7.404518604278564453e+00 9.988831121368673127e-01
7.491121292114257812e+00 9.970968865175827700e-01
7.577723503112792969e+00 9.994042024661546897e-01
7.664326190948486328e+00 9.956839278805540427e-01
7.750928401947021484e+00 9.972512128594365199e-01
7.837531089782714844e+00 1.000927070380457584e+00
7.924133300781250000e+00 1.000998377692981167e+00
8.010736465454101562e+00 1.000012936768215122e+00
8.097338676452636719e+00 9.856015636489067200e-01
8.183940887451171875e+00 9.862147972965280562e-01
8.270544052124023438e+00 1.001872816367336050e+00
8.357146263122558594e+00 9.714464068670448649e-01
8.443748474121093750e+00 9.957745038661206527e-01
8.530350685119628906e+00 9.942917663269528195e-01
8.616953849792480469e+00 9.304025442384021849e-01
