4.330948740243911743e-02 3.060937119826040771e+02
1.299119442701339722e-01 3.991276951206041979e+00
2.165144085884094238e-01 2.267009193999421690e+00
3.031168580055236816e-01 1.537875022327326979e+00
3.897193372249603271e-01 1.045152482692393026e+00
4.763217866420745850e-01 7.179630440837617700e-01
5.629242658615112305e-01 5.642126046635138614e-01
6.495267152786254883e-01 4.957902196486301261e-01
7.361291646957397461e-01 4.780888301995553369e-01
8.227316141128540039e-01 4.950476973541890202e-01
9.093341231346130371e-01 5.444151468324028853e-01
9.959365725517272949e-01 6.188534056252735782e-01
1.082539081573486328e+00 7.475400203783791886e-01
1.169141530990600586e+00 8.938403160863308550e-01
1.255743980407714844e+00 1.055646816086793116e+00
1.342346429824829102e+00 1.213697555075816670e+00
1.428948879241943359e+00 1.278180914328543416e+00
1.515551328659057617e+00 1.271683082919789376e+00
1.602153778076171875e+00 1.218192541791301986e+00
1.688756227493286133e+00 1.119750677185948229e+00
1.775358676910400391e+00 1.035833854132364618e+00
1.861961245536804199e+00 9.669896163472293527e-01
1.948563694953918457e+00 9.298527609305619057e-01
2.035166263580322266e+00 9.029392826766250435e-01
2.121768712997436523e+00 8.956254273320385373e-01
2.208371162414550781e+00 9.126952339837057782e-01
2.294973611831665039e+00 9.333473486546860487e-01
2.381576061248779297e+00 9.639826459364081446e-01
2.468178510665893555e+00 9.930516436035521366e-01
2.554780960083007812e+00 1.010330851225036408e+00
2.641383409500122070e+00 1.039336908886089539e+00
2.727985858917236328e+00 1.045350063836823606e+00
2.814588308334350586e+00 1.037801550836658926e+00
2.901190757751464844e+00 1.032321299919434221e+00
2.987793207168579102e+00 1.021347309894608424e+00
3.074395895004272461e+00 1.006802218074209332e+00
3.160998344421386719e+00 1.000737862955341839e+00
3.247600793838500977e+00 9.871460843279588060e-01
3.334203243255615234e+00 9.863499047268612374e-01
3.420805692672729492e+00 9.845988843340330865e-01
3.507408142089843750e+00 9.896377455305208626e-01
3.594010591506958008e+00 9.927134467533941242e-01
3.680613040924072266e+00 9.937762019686942061e-01
3.767215490341186523e+00 1.002625996727061430e+00
3.853817939758300781e+00 1.004471874358123795e+00
3.940420389175415039e+00 1.003833001553241067e+00
4.027022838592529297e+00 1.002969517962841728e+00
4.113625049591064453e+00 1.004789358947139055e+00
4.200227737426757812e+00 9.990793215171621666e-01
4.286829948425292969e+00 9.996387865897333747e-01
4.373432636260986328e+00 9.972575335117576101e-01
4.460034847259521484e+00 9.934391648451343926e-01
4.546637535095214844e+00 9.995711404240041897e-01
4.633239746093750000e+00 9.990008789057841510e-01
4.719842433929443359e+00 1.000939501555184963e+00
4.806444644927978516e+00 1.002685765885759972e+00
4.893047332763671875e+00 1.003036027348975123e+00
4.979649543762207031e+00 1.004005632161416806e+00
5.066252231597900391e+00 1.002264415233049100e+00
5.152854442596435547e+00 1.001412434013011277e+00
5.239457130432128906e+00 1.000872970568845943e+00
5.326059341430664062e+00 1.000211530536368354e+00
5.412662029266357422e+00 9.985980271210138648e-01
5.499264717102050781e+00 9.951122387939381753e-01
5.585866928100585938e+00 9.951682401537093048e-01
5.672469615936279297e+00 9.972978310856919215e-01
5.759071826934814453e+00 9.975834808646714125e-01
5.845674514770507812e+00 9.966471808161816437e-01
5.932276725769042969e+00 9.983244245253702909e-01
6.018879413604736328e+00 1.003413168635103769e+00
6.105481624603271484e+00 1.001303397118455063e+00
6.192084312438964844e+00 1.002140316049187740e+00
6.278686523437500000e+00 1.002845775548220297e+00
6.365289211273193359e+00 1.001210287282846112e+00
6.451891422271728516e+00 1.005106446475641624e+00
6.538494110107421875e+00 1.000266595401239078e+00
6.625096321105957031e+00 9.982468509143627156e-01
6.711699008941650391e+00 9.988428562585880410e-01
6.798301219940185547e+00 9.998059239494003769e-01
6.884903907775878906e+00 9.984530621607037304e-01
6.971506118774414062e+00 9.939028134225775801e-01
7.058108806610107422e+00 1.001706674050231394e+00
7.144711494445800781e+00 1.006356160252682486e+00
7.231313705444335938e+00 1.006928941501590957e+00
7.317916393280029297e+00 1.000242705669029508e+00
7.404518604278564453e+00 9.973390741862989683e-01
7.491121292114257812e+00 9.964978219868694254e-01
7.577723503112792969e+00 1.003347152922465346e+00
7.664326190948486328e+00 9.948866089799403012e-01
7.750928401947021484e+00 9.904028013508159312e-01
7.837531089782714844e+00 9.958842719467499993e-01
7.924133300781250000e+00 9.914530625864754754e-01
8.010736465454101562e+00 1.008964255569145596e+00
8.097338676452636719e+00 9.991045295993292719e-01
8.183940887451171875e+00 1.002752440324536920e+00
8.270544052124023438e+00 1.015040314641390218e+00
8.357146263122558594e+00 1.013189638427381079e+00
8.443748474121093750e+00 1.041214757026130533e+00
8.530350685119628906e+00 1.022118617031635868e+00
8.616953849792480469e+00 9.961876484524944120e-01
