4.330948740243911743e-02 4.588523184795402585e+02
1.299119442701339722e-01 3.786628582151765343e+00
2.165144085884094238e-01 1.893630774736904998e+00
3.031168580055236816e-01 1.836303024229110514e+00
3.897193372249603271e-01 1.416337118762022396e+00
4.763217866420745850e-01 9.757054174401901259e-01
5.629242658615112305e-01 7.027583748221083448e-01
6.495267152786254883e-01 5.471652074776179875e-01
7.361291646957397461e-01 4.741233426110511018e-01
8.227316141128540039e-01 4.467679416996395703e-01
9.093341231346130371e-01 4.605429352617245176e-01
9.959365725517272949e-01 5.094415538410911326e-01
1.082539081573486328e+00 5.784080388091733527e-01
1.169141530990600586e+00 6.763217612721381666e-01
1.255743980407714844e+00 8.077916864069604186e-01
1.342346429824829102e+00 9.459722999656463571e-01
1.428948879241943359e+00 1.090953350962978963e+00
1.515551328659057617e+00 1.197191834637861385e+00
1.602153778076171875e+00 1.247299880836927555e+00
1.688756227493286133e+00 1.224157362450115860e+00
1.775358676910400391e+00 1.191543691442284114e+00
1.861961245536804199e+00 1.135352861705977823e+00
1.948563694953918457e+00 1.081750840693648241e+00
2.035166263580322266e+00 1.026000366246236029e+00
2.121768712997436523e+00 9.846563661824241365e-01
2.208371162414550781e+00 9.518188421718898340e-01
2.294973611831665039e+00 9.384371508469364631e-01
2.381576061248779297e+00 9.358174489328681123e-01
2.468178510665893555e+00 9.403653690997429981e-01
2.554780960083007812e+00 9.498860294357056588e-01
2.641383409500122070e+00 9.599674044324493227e-01
2.727985858917236328e+00 9.728480044615016586e-01
2.814588308334350586e+00 9.840500145559240019e-01
2.901190757751464844e+00 9.954188674347870247e-01
2.987793207168579102e+00 1.002486114295815467e+00
3.074395895004272461e+00 1.010566371899535465e+00
3.160998344421386719e+00 1.016390278189013285e+00
3.247600793838500977e+00 1.016403909195125799e+00
3.334203243255615234e+00 1.014398248117070800e+00
3.420805692672729492e+00 1.016606172815186282e+00
3.507408142089843750e+00 1.014585280653433452e+00
3.594010591506958008e+00 1.010531811695965398e+00
3.680613040924072266e+00 1.006980638708749654e+00
3.767215490341186523e+00 1.003673701898878612e+00
3.853817939758300781e+00 1.001817972631874998e+00
3.940420389175415039e+00 1.000605793339277794e+00
4.027022838592529297e+00 1.000272466850016695e+00
4.113625049591064453e+00 9.949829840314423635e-01
4.200227737426757812e+00 9.950335234385562222e-01
4.286829948425292969e+00 9.950407484174413897e-01
4.373432636260986328e+00 9.943443931147678549e-01
4.460034847259521484e+00 9.926906669193154009e-01
4.546637535095214844e+00 9.951416525418733672e-01
4.633239746093750000e+00 9.932478769807487895e-01
4.719842433929443359e+00 9.951759246374128898e-01
4.806444644927978516e+00 9.995992723697697535e-01
4.893047332763671875e+00 9.996216706699672105e-01
4.979649543762207031e+00 1.000075673880914895e+00
5.066252231597900391e+00 1.002301133613541451e+00
5.152854442596435547e+00 1.003157410028037821e+00
5.239457130432128906e+00 1.004539897322078712e+00
5.326059341430664062e+00 1.004324875550668406e+00
5.412662029266357422e+00 1.003835267451012259e+00
5.499264717102050781e+00 1.004037797899528517e+00
5.585866928100585938e+00 1.003291073591382476e+00
5.672469615936279297e+00 1.002454430861900558e+00
5.759071826934814453e+00 1.001279550981960309e+00
5.845674514770507812e+00 9.993287330042794903e-01
5.932276725769042969e+00 9.978993443607121483e-01
6.018879413604736328e+00 9.967851860865011293e-01
6.105481624603271484e+00 9.964594042653720507e-01
6.192084312438964844e+00 9.974372198753417296e-01
6.278686523437500000e+00 9.996894569923887586e-01
6.365289211273193359e+00 9.970282884191604689e-01
6.451891422271728516e+00 1.000391055211415026e+00
6.538494110107421875e+00 9.998251714280006475e-01
6.625096321105957031e+00 9.985579700569361394e-01
6.711699008941650391e+00 1.000915051088794527e+00
6.798301219940185547e+00 9.985810272061933501e-01
6.884903907775878906e+00 1.002156127683483389e+00
6.971506118774414062e+00 1.004100264050902691e+00
7.058108806610107422e+00 1.000158396254789084e+00
7.144711494445800781e+00 1.001208211276712445e+00
7.231313705444335938e+00 1.004493976391560350e+00
7.317916393280029297e+00 9.984663656321007830e-01
7.404518604278564453e+00 9.970385714315465053e-01
7.491121292114257812e+00 1.002909453249248850e+00
7.577723503112792969e+00 1.003862579283290923e+00
7.664326190948486328e+00 9.946525733706896855e-01
7.750928401947021484e+00 9.991759141123768284e-01
7.837531089782714844e+00 1.004551152271567993e+00
7.924133300781250000e+00 1.005290585286755967e+00
8.010736465454101562e+00 1.001965597857826795e+00
8.097338676452636719e+00 1.004298959080979436e+00
8.183940887451171875e+00 1.001001627114219472e+00
8.270544052124023438e+00 1.013534949034201382e+00
8.357146263122558594e+00 9.865781814217572387e-01
8.443748474121093750e+00 9.976985356058939436e-01
8.530350685119628906e+00 1.020081302304354676e+00
8.616953849792480469e+00 1.037327211318820996e+00
