4.330948740243911743e-02 2.969766295455734735e+02
1.299119442701339722e-01 4.392665091190144366e+00
2.165144085884094238e-01 2.593619768687538407e+00
3.031168580055236816e-01 1.736761160429370676e+00
3.897193372249603271e-01 1.143066500604698055e+00
4.763217866420745850e-01 7.717189887344512167e-01
5.629242658615112305e-01 5.816329924927405859e-01
6.495267152786254883e-01 4.863204542570198630e-01
7.361291646957397461e-01 4.605902639617164285e-01
8.227316141128540039e-01 4.690352575094369203e-01
9.093341231346130371e-01 5.145417055065339973e-01
9.959365725517272949e-01 6.033147637383087236e-01
1.082539081573486328e+00 7.346608308501808571e-01
1.169141530990600586e+00 9.066667694444444647e-01
1.255743980407714844e+00 1.079121023524783674e+00
1.342346429824829102e+00 1.206066524142647811e+00
1.428948879241943359e+00 1.272831256478605511e+00
1.515551328659057617e+00 1.262369312360542617e+00
1.602153778076171875e+00 1.205266785417205000e+00
1.688756227493286133e+00 1.117196384447501911e+00
1.775358676910400391e+00 1.035091467155973666e+00
1.861961245536804199e+00 9.731022930706724194e-01
1.948563694953918457e+00 9.270929244278597325e-01
2.035166263580322266e+00 9.110574217298753608e-01
2.121768712997436523e+00 9.111094851704790720e-01
2.208371162414550781e+00 9.223638498967541288e-01
2.294973611831665039e+00 9.415082727506637328e-01
2.381576061248779297e+00 9.670452399316902259e-01
2.468178510665893555e+00 9.904233783077439623e-01
2.554780960083007812e+00 1.013362765650182240e+00
2.641383409500122070e+00 1.025368883707736378e+00
2.727985858917236328e+00 1.034519758667536093e+00
2.814588308334350586e+00 1.033007342628422753e+00
2.901190757751464844e+00 1.024915535457042504e+00
2.987793207168579102e+00 1.013360561747054911e+00
3.074395895004272461e+00 1.010713695181574279e+00
3.160998344421386719e+00 9.999010745171279524e-01
3.247600793838500977e+00 9.959307973182746077e-01
3.334203243255615234e+00 9.886679792815887824e-01
3.420805692672729492e+00 9.889101115624312488e-01
3.507408142089843750e+00 9.936350973103967865e-01
3.594010591506958008e+00 9.945955775816057720e-01
3.680613040924072266e+00 9.997618960942160626e-01
3.767215490341186523e+00 1.001397380939849757e+00
3.853817939758300781e+00 1.002055472460596119e+00
3.940420389175415039e+00 1.004965371989690937e+00
4.027022838592529297e+00 1.002504604271792665e+00
4.113625049591064453e+00 9.987024462860609741e-01
4.200227737426757812e+00 9.976890936958837663e-01
4.286829948425292969e+00 9.974343722151841618e-01
4.373432636260986328e+00 9.998384033002044591e-01
4.460034847259521484e+00 9.980940053828853964e-01
4.546637535095214844e+00 9.983242630951154606e-01
4.633239746093750000e+00 9.995222350777410725e-01
4.719842433929443359e+00 9.977064117708158708e-01
4.806444644927978516e+00 1.001135421842654027e+00
4.893047332763671875e+00 1.002832399470169111e+00
4.979649543762207031e+00 1.002392287433692575e+00
5.066252231597900391e+00 1.003519079866711294e+00
5.152854442596435547e+00 1.002736943097257472e+00
5.239457130432128906e+00 1.000586374362884667e+00
5.326059341430664062e+00 1.000803752226676169e+00
5.412662029266357422e+00 9.995386838720521361e-01
5.499264717102050781e+00 1.000307788998604508e+00
5.585866928100585938e+00 9.981644232334720979e-01
5.672469615936279297e+00 9.972443981777936450e-01
5.759071826934814453e+00 9.960827760437831468e-01
5.845674514770507812e+00 9.972848250457668762e-01
5.932276725769042969e+00 9.995912275893635845e-01
6.018879413604736328e+00 9.994771643534147154e-01
6.105481624603271484e+00 1.003715715696275046e+00
6.192084312438964844e+00 1.003672521831820541e+00
6.278686523437500000e+00 1.002185563239797572e+00
6.365289211273193359e+00 1.001265728788959475e+00
6.451891422271728516e+00 1.002122756947039006e+00
6.538494110107421875e+00 1.001347061970361274e+00
6.625096321105957031e+00 1.000237417070996004e+00
6.711699008941650391e+00 9.992099066417160502e-01
6.798301219940185547e+00 9.979545660043335209e-01
6.884903907775878906e+00 9.989014383268329800e-01
6.971506118774414062e+00 9.983383105280928538e-01
7.058108806610107422e+00 9.980157222322783017e-01
7.144711494445800781e+00 1.000195335537799268e+00
7.231313705444335938e+00 1.001755599705150379e+00
7.317916393280029297e+00 9.999811920286373335e-01
7.404518604278564453e+00 9.982245941160921010e-01
7.491121292114257812e+00 1.009309170545819256e+00
7.577723503112792969e+00 1.002898973384632741e+00
7.664326190948486328e+00 9.988319584639036020e-01
7.750928401947021484e+00 9.955747484784787105e-01
7.837531089782714844e+00 1.008725385075752490e+00
7.924133300781250000e+00 9.995012372551050905e-01
8.010736465454101562e+00 9.940562379340107668e-01
8.097338676452636719e+00 1.001974912892567016e+00
8.183940887451171875e+00 9.995306555401720638e-01
8.270544052124023438e+00 1.007003281450024046e+00
8.357146263122558594e+00 1.006749141298631578e+00
8.443748474121093750e+00 1.006834002214523016e+00
8.530350685119628906e+00 9.849309857662051915e-01
8.616953849792480469e+00 1.168647520610171853e+00
