4.330948740243911743e-02 3.769228581216110001e+02
1.299119442701339722e-01 3.982956585444204833e+00
2.165144085884094238e-01 2.827893800779727851e+00
3.031168580055236816e-01 2.101108106017072430e+00
3.897193372249603271e-01 1.384824760556888190e+00
4.763217866420745850e-01 9.540118249072727652e-01
5.629242658615112305e-01 7.045921902291315542e-01
6.495267152786254883e-01 5.602405797572053148e-01
7.361291646957397461e-01 5.119768809640767859e-01
8.227316141128540039e-01 4.961918629232684452e-01
9.093341231346130371e-01 4.977189582843785653e-01
9.959365725517272949e-01 5.446060009181326045e-01
1.082539081573486328e+00 6.114145609828357530e-01
1.169141530990600586e+00 7.142964551810012663e-01
1.255743980407714844e+00 8.407524712747093121e-01
1.342346429824829102e+00 9.855257476856348342e-01
1.428948879241943359e+00 1.112147054375252520e+00
1.515551328659057617e+00 1.208826843737263346e+00
1.602153778076171875e+00 1.244847333623250840e+00
1.688756227493286133e+00 1.219803598181675275e+00
1.775358676910400391e+00 1.178066885109129602e+00
1.861961245536804199e+00 1.123167413273744586e+00
1.948563694953918457e+00 1.056513838381380355e+00
2.035166263580322266e+00 1.004941970511669336e+00
2.121768712997436523e+00 9.625803219177142545e-01
2.208371162414550781e+00 9.374276512151857865e-01
2.294973611831665039e+00 9.279391935440534089e-01
2.381576061248779297e+00 9.276960955470464620e-01
2.468178510665893555e+00 9.320578829129630982e-01
2.554780960083007812e+00 9.474197234331499518e-01
2.641383409500122070e+00 9.640492839044634277e-01
2.727985858917236328e+00 9.839452586516223009e-01
2.814588308334350586e+00 9.973647212924975358e-01
2.901190757751464844e+00 1.010783383607189778e+00
2.987793207168579102e+00 1.016733344234656888e+00
3.074395895004272461e+00 1.026294487100712916e+00
3.160998344421386719e+00 1.026168689148624136e+00
3.247600793838500977e+00 1.020282391521122101e+00
3.334203243255615234e+00 1.018800229387336387e+00
3.420805692672729492e+00 1.010234495227056328e+00
3.507408142089843750e+00 1.006329179389541473e+00
3.594010591506958008e+00 1.001434475194816320e+00
3.680613040924072266e+00 9.968359651365701346e-01
3.767215490341186523e+00 9.936170080964831230e-01
3.853817939758300781e+00 9.943257341591623666e-01
3.940420389175415039e+00 9.946370598347696879e-01
4.027022838592529297e+00 9.928920033133862288e-01
4.113625049591064453e+00 9.941832513522740333e-01
4.200227737426757812e+00 9.980235648245031621e-01
4.286829948425292969e+00 1.000106101946799608e+00
4.373432636260986328e+00 1.000118703890623850e+00
4.460034847259521484e+00 9.999357749938104778e-01
4.546637535095214844e+00 1.000645899639153624e+00
4.633239746093750000e+00 1.000443503527677969e+00
4.719842433929443359e+00 1.000897343837409359e+00
4.806444644927978516e+00 9.993512550618383061e-01
4.893047332763671875e+00 9.971609689249828490e-01
4.979649543762207031e+00 9.975937260110462335e-01
5.066252231597900391e+00 9.994726790676707884e-01
5.152854442596435547e+00 9.998033059966886515e-01
5.239457130432128906e+00 1.001252746287551787e+00
5.326059341430664062e+00 1.002173240136608579e+00
5.412662029266357422e+00 1.003091247480356607e+00
5.499264717102050781e+00 1.001562699610607066e+00
5.585866928100585938e+00 9.999137764620258384e-01
5.672469615936279297e+00 1.001869224254151813e+00
5.759071826934814453e+00 1.002139449089876289e+00
5.845674514770507812e+00 9.990934372972344324e-01
5.932276725769042969e+00 9.988176625686888688e-01
6.018879413604736328e+00 9.994378836891677498e-01
6.105481624603271484e+00 9.984749991596753027e-01
6.192084312438964844e+00 9.981086024597514150e-01
6.278686523437500000e+00 9.977021965969667949e-01
6.365289211273193359e+00 9.975638027173067135e-01
6.451891422271728516e+00 1.000006431237616455e+00
6.538494110107421875e+00 1.000277750269562560e+00
6.625096321105957031e+00 9.996675199058236982e-01
6.711699008941650391e+00 9.992558175595439574e-01
6.798301219940185547e+00 9.998866993508053191e-01
6.884903907775878906e+00 1.001992408185321315e+00
6.971506118774414062e+00 9.998090600164453168e-01
7.058108806610107422e+00 1.003576788244339379e+00
7.144711494445800781e+00 1.000316580203281625e+00
7.231313705444335938e+00 9.961167454200687832e-01
7.317916393280029297e+00 9.952887042359436220e-01
7.404518604278564453e+00 9.983670530358994544e-01
7.491121292114257812e+00 1.003462116441393714e+00
7.577723503112792969e+00 1.000386508369659033e+00
7.664326190948486328e+00 9.941628199361158824e-01
7.750928401947021484e+00 1.006466189937520905e+00
7.837531089782714844e+00 1.000239805423531969e+00
7.924133300781250000e+00 1.008782039696911381e+00
8.010736465454101562e+00 9.958272351143548917e-01
8.097338676452636719e+00 1.001289522051910019e+00
8.183940887451171875e+00 9.944144112583153117e-01
8.270544052124023438e+00 1.013628800350741210e+00
8.357146263122558594e+00 9.932422921830530438e-01
8.443748474121093750e+00 9.814564686366185065e-01
8.530350685119628906e+00 9.992223188378186460e-01
8.616953849792480469e+00 1.054102601158513730e+00
