4.330948740243911743e-02 3.237500353021508772e+02
1.299119442701339722e-01 3.011905069418749470e+00
2.165144085884094238e-01 1.865069797248020578e+00
3.031168580055236816e-01 1.223960368924065678e+00
3.897193372249603271e-01 8.377088251140298869e-01
4.763217866420745850e-01 6.042488763298679011e-01
5.629242658615112305e-01 5.109307682293154906e-01
6.495267152786254883e-01 4.656723604358846691e-01
7.361291646957397461e-01 4.763199584715794299e-01
8.227316141128540039e-01 5.198184617534279406e-01
9.093341231346130371e-01 5.948252480860684033e-01
9.959365725517272949e-01 6.906572477803539778e-01
1.082539081573486328e+00 8.345876294729296374e-01
1.169141530990600586e+00 1.004347793226188168e+00
1.255743980407714844e+00 1.146592865049706811e+00
1.342346429824829102e+00 1.208299036392199044e+00
1.428948879241943359e+00 1.226491306341247256e+00
1.515551328659057617e+00 1.174399233248726082e+00
1.602153778076171875e+00 1.107331935742049911e+00
1.688756227493286133e+00 1.043735558220073134e+00
1.775358676910400391e+00 1.014304109006034738e+00
1.861961245536804199e+00 9.803590982258213460e-01
1.948563694953918457e+00 9.632330685845106322e-01
2.035166263580322266e+00 9.505471771032506512e-01
2.121768712997436523e+00 9.449729963692160561e-01
2.208371162414550781e+00 9.543728147938793649e-01
2.294973611831665039e+00 9.543576970713257834e-01
2.381576061248779297e+00 9.684613115787511495e-01
2.468178510665893555e+00 9.846681966416870324e-01
2.554780960083007812e+00 9.960146573478982912e-01
2.641383409500122070e+00 1.009365220270494357e+00
2.727985858917236328e+00 1.013470643572841334e+00
2.814588308334350586e+00 1.020449203078205302e+00
2.901190757751464844e+00 1.019905667811912275e+00
2.987793207168579102e+00 1.020336341108168510e+00
3.074395895004272461e+00 1.016531635618720619e+00
3.160998344421386719e+00 1.010651398909103937e+00
3.247600793838500977e+00 1.002730602540078397e+00
3.334203243255615234e+00 9.999948572921969481e-01
3.420805692672729492e+00 9.950236933341688461e-01
3.507408142089843750e+00 9.918865198148051343e-01
3.594010591506958008e+00 9.939643054795104238e-01
3.680613040924072266e+00 9.946641466340857551e-01
3.767215490341186523e+00 9.948040956343860985e-01
3.853817939758300781e+00 9.954278734456424305e-01
3.940420389175415039e+00 9.967391961754763496e-01
4.027022838592529297e+00 1.000507138416936614e+00
4.113625049591064453e+00 9.981453418013196410e-01
4.200227737426757812e+00 9.981847178365135242e-01
4.286829948425292969e+00 9.992605079004148738e-01
4.373432636260986328e+00 1.002277473507939387e+00
4.460034847259521484e+00 1.002252735159973041e+00
4.546637535095214844e+00 1.001882992964559849e+00
4.633239746093750000e+00 1.001868950779052359e+00
4.719842433929443359e+00 1.001741338283319349e+00
4.806444644927978516e+00 1.001517261011263704e+00
4.893047332763671875e+00 1.003400949720725466e+00
4.979649543762207031e+00 9.999928290137199971e-01
5.066252231597900391e+00 1.000309255364183247e+00
5.152854442596435547e+00 9.990605199299245065e-01
5.239457130432128906e+00 9.989719149079442362e-01
5.326059341430664062e+00 9.989114230205168310e-01
5.412662029266357422e+00 9.988470453258344595e-01
5.499264717102050781e+00 9.995760139114695519e-01
5.585866928100585938e+00 9.986745465834276914e-01
5.672469615936279297e+00 9.972519035913171015e-01
5.759071826934814453e+00 9.995669864425221762e-01
5.845674514770507812e+00 9.979081662969153665e-01
5.932276725769042969e+00 1.000351468315351600e+00
6.018879413604736328e+00 1.001168141753564056e+00
6.105481624603271484e+00 1.000200059060663227e+00
6.192084312438964844e+00 1.000556729638469644e+00
6.278686523437500000e+00 1.002146817669569367e+00
6.365289211273193359e+00 1.000953333263248979e+00
6.451891422271728516e+00 1.002293550328034133e+00
6.538494110107421875e+00 1.002203816050316387e+00
6.625096321105957031e+00 1.000216693179896366e+00
6.711699008941650391e+00 9.985538342037775239e-01
6.798301219940185547e+00 9.983846709416124288e-01
6.884903907775878906e+00 1.001205884253382861e+00
6.971506118774414062e+00 9.997144240198801990e-01
7.058108806610107422e+00 9.952852077270959441e-01
7.144711494445800781e+00 9.967564412287729381e-01
7.231313705444335938e+00 1.003629983957867067e+00
7.317916393280029297e+00 9.981766867145783761e-01
7.404518604278564453e+00 1.001822412873917045e+00
7.491121292114257812e+00 9.986641904470893172e-01
7.577723503112792969e+00 1.000790567876787884e+00
7.664326190948486328e+00 9.994223873441997474e-01
7.750928401947021484e+00 1.004084192126183606e+00
7.837531089782714844e+00 1.002577402062871714e+00
7.924133300781250000e+00 9.899979163096941370e-01
8.010736465454101562e+00 9.902870240853541839e-01
8.097338676452636719e+00 9.925468358103495259e-01
8.183940887451171875e+00 9.963919976103871035e-01
8.270544052124023438e+00 9.827089757541968007e-01
8.357146263122558594e+00 1.002026093970622034e+00
8.443748474121093750e+00 1.002214441582089055e+00
8.530350685119628906e+00 1.028569804381101349e+00
8.616953849792480469e+00 9.937992366306159786e-01
