4.330948740243911743e-02 3.031088063321840878e+02
1.299119442701339722e-01 3.591233220781017810e+00
2.165144085884094238e-01 2.138123960698167458e+00
3.031168580055236816e-01 1.492795333882259712e+00
3.897193372249603271e-01 9.651803095378579389e-01
4.763217866420745850e-01 6.555686838083292223e-01
5.629242658615112305e-01 5.043888404901317735e-01
6.495267152786254883e-01 4.605822778754480873e-01
7.361291646957397461e-01 4.603424082486022861e-01
8.227316141128540039e-01 4.948480913349340149e-01
9.093341231346130371e-01 5.715357216885228464e-01
9.959365725517272949e-01 6.812830513093021123e-01
1.082539081573486328e+00 8.356047459937431254e-01
1.169141530990600586e+00 9.928985918510013775e-01
1.255743980407714844e+00 1.140963017363148202e+00
1.342346429824829102e+00 1.218276672865798105e+00
1.428948879241943359e+00 1.225149142488890952e+00
1.515551328659057617e+00 1.194297703316699932e+00
1.602153778076171875e+00 1.131854867544749954e+00
1.688756227493286133e+00 1.054152611887633650e+00
1.775358676910400391e+00 1.006706145713311518e+00
1.861961245536804199e+00 9.659314308515858372e-01
1.948563694953918457e+00 9.472834967694806485e-01
2.035166263580322266e+00 9.379615875706098782e-01
2.121768712997436523e+00 9.375158694415555161e-01
2.208371162414550781e+00 9.453627747858270869e-01
2.294973611831665039e+00 9.654829115425062058e-01
2.381576061248779297e+00 9.815940850894184777e-01
2.468178510665893555e+00 9.917744226171100186e-01
2.554780960083007812e+00 1.007525161150388593e+00
2.641383409500122070e+00 1.013326732069164349e+00
2.727985858917236328e+00 1.024269837661980320e+00
2.814588308334350586e+00 1.016101970161351176e+00
2.901190757751464844e+00 1.016102168948445961e+00
2.987793207168579102e+00 1.012706055734728272e+00
3.074395895004272461e+00 1.006473482332558955e+00
3.160998344421386719e+00 1.002702665639595425e+00
3.247600793838500977e+00 9.975669538910501011e-01
3.334203243255615234e+00 9.966947963192722693e-01
3.420805692672729492e+00 9.969111547484480473e-01
3.507408142089843750e+00 9.945053626660805834e-01
3.594010591506958008e+00 9.984512180176076113e-01
3.680613040924072266e+00 9.966770155945340326e-01
3.767215490341186523e+00 9.969947237067421364e-01
3.853817939758300781e+00 9.975345083333730933e-01
3.940420389175415039e+00 1.000316197243086291e+00
4.027022838592529297e+00 1.001900143620783057e+00
4.113625049591064453e+00 1.000205987955253173e+00
4.200227737426757812e+00 9.986270467622730962e-01
4.286829948425292969e+00 9.992061349837582096e-01
4.373432636260986328e+00 1.001208506851700486e+00
4.460034847259521484e+00 9.982124119230195713e-01
4.546637535095214844e+00 1.002098477467575632e+00
4.633239746093750000e+00 1.000764777687147333e+00
4.719842433929443359e+00 1.000406721688303247e+00
4.806444644927978516e+00 1.001779802800970565e+00
4.893047332763671875e+00 1.002171108972401026e+00
4.979649543762207031e+00 9.997858293869497093e-01
5.066252231597900391e+00 1.001205381273391648e+00
5.152854442596435547e+00 1.000451764616953509e+00
5.239457130432128906e+00 9.991727368480894933e-01
5.326059341430664062e+00 1.000299642770420716e+00
5.412662029266357422e+00 9.993793407092858017e-01
5.499264717102050781e+00 9.988392900657451223e-01
5.585866928100585938e+00 9.980319221416420472e-01
5.672469615936279297e+00 1.000687815702140604e+00
5.759071826934814453e+00 1.000840185818138162e+00
5.845674514770507812e+00 1.001130575315824833e+00
5.932276725769042969e+00 1.001225207860733990e+00
6.018879413604736328e+00 1.000034897706701065e+00
6.105481624603271484e+00 1.001892832180433457e+00
6.192084312438964844e+00 1.001905281619869470e+00
6.278686523437500000e+00 9.986166430339791233e-01
6.365289211273193359e+00 1.000477302587343464e+00
6.451891422271728516e+00 9.986819790466836544e-01
6.538494110107421875e+00 9.994212656160733621e-01
6.625096321105957031e+00 9.993380131822349188e-01
6.711699008941650391e+00 1.000244501353777959e+00
6.798301219940185547e+00 1.000497168514669966e+00
6.884903907775878906e+00 1.001371761982827513e+00
6.971506118774414062e+00 1.001116144228884508e+00
7.058108806610107422e+00 1.000401233635698439e+00
7.144711494445800781e+00 9.998182757853775193e-01
7.231313705444335938e+00 1.000399101192159579e+00
7.317916393280029297e+00 1.005812191375162312e+00
7.404518604278564453e+00 1.003166765222475831e+00
7.491121292114257812e+00 1.000541138722107704e+00
7.577723503112792969e+00 9.940739631374907459e-01
7.664326190948486328e+00 1.002016499388754367e+00
7.750928401947021484e+00 9.969900988336742875e-01
7.837531089782714844e+00 1.005947955135881422e+00
7.924133300781250000e+00 9.903274754724623596e-01
8.010736465454101562e+00 1.005647227936847576e+00
8.097338676452636719e+00 1.000361740018499423e+00
8.183940887451171875e+00 1.009785757092056091e+00
8.270544052124023438e+00 1.011483988783193677e+00
8.357146263122558594e+00 1.012522398183936190e+00
8.443748474121093750e+00 9.771101555685700601e-01
8.530350685119628906e+00 9.523188931755216524e-01
8.616953849792480469e+00 1.072700648981996796e+00
