4.330948740243911743e-02 3.040067431965769060e+02
1.299119442701339722e-01 3.970665704170303290e+00
2.165144085884094238e-01 2.566987179967307853e+00
3.031168580055236816e-01 1.737345382513576064e+00
3.897193372249603271e-01 1.159272120670350237e+00
4.763217866420745850e-01 7.918517064131244121e-01
5.629242658615112305e-01 6.157137345478195245e-01
6.495267152786254883e-01 5.115238867864310146e-01
7.361291646957397461e-01 4.738210871113939793e-01
8.227316141128540039e-01 4.727021569318091698e-01
9.093341231346130371e-01 5.127361972545706470e-01
9.959365725517272949e-01 5.927092433093633650e-01
1.082539081573486328e+00 7.183983455873431678e-01
1.169141530990600586e+00 8.702212521490914066e-01
1.255743980407714844e+00 1.034064469873070991e+00
1.342346429824829102e+00 1.182674211655252217e+00
1.428948879241943359e+00 1.270838688718168408e+00
1.515551328659057617e+00 1.286293074588149565e+00
1.602153778076171875e+00 1.237198051215639083e+00
1.688756227493286133e+00 1.151769351197869273e+00
1.775358676910400391e+00 1.065211419993364883e+00
1.861961245536804199e+00 9.841514112267428782e-01
1.948563694953918457e+00 9.289182263091086966e-01
2.035166263580322266e+00 9.000960918790186227e-01
2.121768712997436523e+00 8.951158470894281516e-01
2.208371162414550781e+00 9.027891657110496126e-01
2.294973611831665039e+00 9.244647341121402517e-01
2.381576061248779297e+00 9.573442601964317067e-01
2.468178510665893555e+00 9.849228997646403139e-01
2.554780960083007812e+00 1.007244984057877657e+00
2.641383409500122070e+00 1.027399544090574324e+00
2.727985858917236328e+00 1.039113362858826273e+00
2.814588308334350586e+00 1.041419982869334238e+00
2.901190757751464844e+00 1.035577160469298708e+00
2.987793207168579102e+00 1.023872057583691486e+00
3.074395895004272461e+00 1.015761119223591136e+00
3.160998344421386719e+00 1.003505435603098572e+00
3.247600793838500977e+00 9.936053945702771895e-01
3.334203243255615234e+00 9.868533354666289004e-01
3.420805692672729492e+00 9.861489555302427323e-01
3.507408142089843750e+00 9.871282593398917893e-01
3.594010591506958008e+00 9.891601421201328126e-01
3.680613040924072266e+00 9.979092153448279046e-01
3.767215490341186523e+00 9.960011404844568705e-01
3.853817939758300781e+00 1.000624607388029386e+00
3.940420389175415039e+00 1.003435905112028292e+00
4.027022838592529297e+00 1.002340708930373747e+00
4.113625049591064453e+00 1.002383838355819234e+00
4.200227737426757812e+00 1.001892443805164401e+00
4.286829948425292969e+00 1.002051895026998984e+00
4.373432636260986328e+00 9.987993563222276050e-01
4.460034847259521484e+00 9.990393407536921622e-01
4.546637535095214844e+00 9.992677898083407451e-01
4.633239746093750000e+00 9.988402435167548221e-01
4.719842433929443359e+00 1.000445398006910125e+00
4.806444644927978516e+00 1.001200392157269636e+00
4.893047332763671875e+00 1.000796805569154069e+00
4.979649543762207031e+00 1.002005721682369233e+00
5.066252231597900391e+00 1.001274226214251328e+00
5.152854442596435547e+00 1.000856364022282063e+00
5.239457130432128906e+00 1.000219864078470522e+00
5.326059341430664062e+00 9.993772126829602032e-01
5.412662029266357422e+00 1.000456340942583955e+00
5.499264717102050781e+00 9.991370679513459363e-01
5.585866928100585938e+00 1.000295999454246854e+00
5.672469615936279297e+00 9.982771462954800334e-01
5.759071826934814453e+00 9.972414237726857644e-01
5.845674514770507812e+00 9.982708268391633499e-01
5.932276725769042969e+00 9.991483491376152992e-01
6.018879413604736328e+00 1.000416707099626157e+00
6.105481624603271484e+00 1.000489481686902993e+00
6.192084312438964844e+00 1.001011745976982947e+00
6.278686523437500000e+00 1.001670178297522584e+00
6.365289211273193359e+00 1.002209390284093837e+00
6.451891422271728516e+00 1.001285988882410605e+00
6.538494110107421875e+00 9.974072202907445783e-01
6.625096321105957031e+00 9.999762421463593842e-01
6.711699008941650391e+00 9.991774505229822356e-01
6.798301219940185547e+00 1.001526010853019955e+00
6.884903907775878906e+00 9.988622283904646793e-01
6.971506118774414062e+00 9.993023337686803842e-01
7.058108806610107422e+00 1.000261853508993548e+00
7.144711494445800781e+00 9.985678926205683315e-01
7.231313705444335938e+00 1.001446861895344043e+00
7.317916393280029297e+00 1.001245610251963791e+00
7.404518604278564453e+00 9.962109890971034831e-01
7.491121292114257812e+00 9.999436769553692317e-01
7.577723503112792969e+00 9.987809203080837417e-01
7.664326190948486328e+00 1.000940277608147744e+00
7.750928401947021484e+00 9.987326624924421914e-01
7.837531089782714844e+00 1.002716028402913295e+00
7.924133300781250000e+00 1.000307296810726942e+00
8.010736465454101562e+00 9.984642876245113374e-01
8.097338676452636719e+00 1.003401553862807605e+00
8.183940887451171875e+00 1.001786363781916211e+00
8.270544052124023438e+00 1.012445395751529142e+00
8.357146263122558594e+00 1.012097079568515134e+00
8.443748474121093750e+00 1.002611309462752898e+00
8.530350685119628906e+00 1.040678063212764570e+00
8.616953849792480469e+00 1.011758730554872310e+00
